1.04777887026055
1.3680058262548
0.615522312924067
1.3680058262548
0.663301183184615
0.946008278461148
-0.0696013802213709
0.559499083068396
-0.0696013802213709
0.505507361529545
0.988185730038219
-1.8262653956857
0.914294660094697
-1.8262653956857
0.902480390132916
1.01531571480715
-1.57055737663187
0.801053208316066
-1.57055737663187
0.81636892312322
1.01539172129936
0.958734028888065
0.681440542601613
0.958734028888065
0.696832263900977
0.990962412886453
-0.895230399323131
0.658618127287551
-0.895230399323131
0.649580540174004
0.997181627658367
-1.94885928053014
0.969502955559003
-1.94885928053014
0.96668458321737
1.00411160770091
-1.46403458567395
0.890062659663614
-1.46403458567395
0.894174267364527
0.996293075826349
0.207620521021179
0.678006431588349
0.207620521021179
0.674299507414697
0.99238170721348
-1.98144372525216
0.989122855459705
-1.98144372525216
0.981504562673185
0.996909728185586
-1.9786202599556
0.987318147105659
-1.9786202599556
0.984227875291245
1.00239867569771
-1.99087878758413
0.992132103267853
-1.99087878758413
0.994530778965565
1.00290065172612
1.8048830694721
0.92585997747364
1.8048830694721
0.928760629199761
0.997041520453706
1.49687142168317
0.822762662879699
1.49687142168317
0.819804183333405
1.00240211737393
-1.99883233818985
0.996558772668537
-1.99883233818985
0.998960890042464
