1.0731226745823
1.3535633718187
0.550299231641881
1.3535633718187
0.623421906224185
0.962555317290672
-0.0708014915413503
0.631225884681626
-0.0708014915413503
0.593781201972298
1.02421015522705
-1.54205423980761
0.768070812166946
-1.54205423980761
0.792280967393993
1.01282134038624
0.980343706860709
0.721391343955267
0.980343706860709
0.734212684341503
0.992019067175212
-1.83746453165367
0.923544014863011
-1.83746453165367
0.915563082038223
0.996190776994345
-0.78518423070407
0.651707263821049
-0.78518423070407
0.647898040815394
1.00669279907464
-1.42057211211862
0.842788994460676
-1.42057211211862
0.849481793535318
0.996150164868227
1.54990334629968
0.836851454910082
1.54990334629968
0.833001619778309
1.00389645571821
1.83136241703656
0.917391909886422
1.83136241703656
0.921288365604632
0.993853945364667
-1.98440054128049
0.990602747237706
-1.98440054128048
0.984456692602374
1.00344083729314
-1.98983847912239
0.990056335612487
-1.98983847912239
0.993497172905626
0.99679765087132
0.273737640364527
0.721835199496978
0.273737640364527
0.718632850368298
0.997272663731984
-1.97965309940506
0.987769466208651
-1.97965309940506
0.985042129940636
1.00226644691784
-1.99888972760723
0.996753131564823
-1.99888972760723
0.999019578482667
1.00223518363685
-1.80015485891211
0.940235021900474
-1.80015485891211
0.942470205537327
