0000000001
000000E801
0000000001
000800E801
0000000001
001000E801
0000000001
001800E801
0000000001
002000E801
0000000001
002800E801
FFF6152001
003000E201
FFF6162001
003800E201
FFF6172001
004000E201
FFF6182001
004800E201
0002002001
005000E201
0000000001
000A012001
005800E201
0000000001
0000000001
0039082001
006000E201
0000000001
0041082001
006800E201
0000000001
0049082001
007000E201
0000000001
0031082001
007800E201
FFF2022001
00A800E201
0051082001
008000E201
0059082001
009000E201
0021082001
008800E201
0029082001
009800E201
FFE9082001
010000E201
00A1082001
00A9082249
FFF1082026
010000E201
00C1082001
FFF1132249
00A1082001
00E1082025
00E800E201
00D1082001
FFF1132249
00A1082001
00F1082025
00F800E201
0109082001
0000000001
011800F001
0119082001
FFF1132249
0101082001
FFE9082025
010000E201
00A1082001
00A800E225
00B1082001
00C1082241
011000E201
00C1082001
0111142201
00C800E201
00E800C001
0007FFA001
00C800C001
0087FF2081
013000E201
0097FF4081
01D800E401
FFF1082001
FFF7FF2241
00D800E201
00F800C001
0007FFA001
00D800C001
0087FF2081
0131082201
013000E201
0097FF4081
01D9084401
01D800E401
00B1082001
0101082241
0000000001
00B800F001
0000000001
015A062001
0152072201
0142063401
013A072201
0132032201
012A042201
0122052201
0000000001
014800E201
016000F201
018A0B2001
01820C2201
01720B3401
016A0C2201
014A082201
0142092201
013A0A2201
0000000001
017800E201
019000F201
01BA102001
01B2112201
01A2103401
019A112201
017A0D2201
01720E2201
016A0F2201
0000000001
01A800E201
01C000F201
0202062001
01FA072201
01EA063401
01E2072201
01DA032201
01D2042201
01CA052201
0000000001
01F000E201
020800F201
02320B2001
022A0C2201
021A0B3401
02120C2201
01F2082201
01EA092201
01E20A2201
0000000001
022000E201
023800F201
0262102001
025A112201
024A103401
0242112201
02220D2201
021A0E2201
02120F2201
0000000001
025000E201
026800F201
FFF2192001
0311082241
033000E201
0321082001
0311083401
0331142201
0000000001
031800E201
032800F201
0319082001
027000E201
030000C001
0307FF2241
027800E201
0301082001
02790D2201
030800E201
FFF1084001
0271082449
FFE9082027
028800E201
01AA122001
028000E201
02B2182001
0282172201
02B800E201
0252122001
028000E201
02D2182001
0282172201
02D800E201
01AA132001
029800E201
02C2162001
029A142201
0292152201
02C800E201
0252132001
02A800E201
02E2162001
02AA142201
02A2152201
02E800E201
02B9082001
02C9082201
02F000E201
02D9082001
02E9082201
02F800E201
027000C001
01AFFF2001
0309084001
027800E401
027800C001
028FFF4001
027800E401
027800C001
02F7FF2201
035800E201
0000000001
027000C001
0257FF2001
0309084001
027800E401
027800C001
028FFF4001
027800E401
027800C001
02FFFF2201
037000E201
0000000001
0000000001
0371082001
033800E201
0000000001
0359082001
034000E201
039A1D2001
03921E2201
03821D3401
037A1E2201
035A1A2201
03521B2201
034A1C2201
0000000001
038800E201
03A000F201
03CA1D2001
03C21E2201
03B21D3401
03AA1E2201
03721A2201
036A1B2201
03621C2201
0000000001
03B800E201
03D000F201
035A1F2001
03D800E201
0000000001
0372202001
03E000E201
0000000001
0389082001
03B9082201
0000000001
03E800E201
03EA212001
03F000E201
0000000001
03DA222001
044000E201
03E2232001
040800E201
03F2242001
03F800E201
0422252001
0412253401
0401082241
0409082201
041800E201
0000000001
042800F201
045A262001
044A263401
0439082241
0441082201
045000E201
0000000001
046000F201
03F9082001
FF78000201
03F9082001
FF80000201
0451082001
FF68000201
0419082001
FF70000201
0000000001
0000000001
0000000001
0000000001
0000000001
0000000001
0000000001
0000000001
0000000001
0000000001
0000000001
0000000001
0000000001
0000000001
0000000001
0000000001
0000000001
0000000001
0000000001
0000000001
0000000001
0000000001
0000000001
0000000001
0000000001
0000000001
0000000001
0000000001
0000000001
0000000001
0000000001
0000000001
0000000001
0000000001
0000000001
0000000001
0000000001
0000000001
0000000001
0000000001
0000000001
0000000001
0000000001
0000000001
0000000001
0000000001
0000000001
0000000001
0000000001
0000000001
0000000001
0000000001
0000000001
0000000001
0000000001
0000000001
0000000001
0000000001
0000000001
0000000001
0000000001
0000000001
0000000001
0000000001
0000000001
0000000001
0000000001
0000000001
0000000001
0000000001
0000000001
0000000001
0000000001
0000000001
0000000001
0000000001
0000000001
0000000001
0000000001
0000000001
0000000001
0000000001
0000000001
0000000001
0000000001
0000000001
0000000001
0000000001
0000000001
0000000001
0000000001
0000000001
0000000001
0000000001
0000000001
0000000001
0000000001
0000000001
0000000001
0000000001
0000000001
0000000001
0000000001
0000000001
0000000001
0000000001
0000000001
0000000001
0000000001
0000000001
0000000001
0000000001
0000000001
0000000001
0000000001
0000000001
0000000001
0000000001
0000000001
0000000001
0000000001
0000000001
0000000001
0000000001
0000000001
0000000001
0000000001
0000000001
0000000001
0000000001
0000000001
0000000001
0000000001
0000000001
0000000001
0000000001
0000000001
0000000001
0000000001
0000000001
0000000001
0000000001
0000000001
0000000001
0000000001
0000000001
0000000001
0000000001
0000000001
0000000001
0000000001
0000000001
0000000001
0000000001
0000000001
0000000001
0000000001
0000000001
0000000001
0000000001
0000000001
0000000001
0000000001
0000000001
0000000001
0000000001
0000000001
0000000001
0000000001
0000000001
0000000001
0000000001
0000000001
0000000001
0000000001
0000000001
0000000001
0000000001
0000000001
0000000001
0000000001
0000000001
0000000001
0000000001
0000000001
0000000001
0000000001
0000000001
0000000001
0000000001
0000000001
0000000001
0000000001
0000000001
0000000001
0000000001
0000000001
0000000001
0000000001
0000000001
0000000001
0000000001
0000000001
0000000001
0000000001
0000000001
0000000001
0000000001
0000000001
0000000001
0000000001
0000000001
0000000001
0000000001
0000000001
0000000001
0000000001
0000000001
0000000001
0000000001
0000000001
0000000001
0000000001
0000000001
0000000001
0000000001
0000000001
0000000001
0000000001
0000000001
0000000001
0000000001
0000000001
0000000001
0000000001
0000000001
0000000001
0000000001
0000000001
0000000001
0000000001
0000000001
0000000001
0000000001
0000000001
0000000001
0000000001
0000000001
0000000001
0000000001
0000000001
0000000001
0000000001
0000000001
0000000001
0000000001
0000000001
0000000001
0000000001
0000000001
0000000001
0000000001
0000000001
0000000001
0000000001
0000000001
0000000001
0000000001
0000000001
0000000001
0000000001
0000000001
0000000001
0000000001
0000000001
0000000001
0000000001
0000000001
0000000001
0000000001
0000000001
0000000001
0000000001
0000000001
0000000001
0000000001
0000000001
0000000001
0000000001
0000000001
0000000001
0000000001
0000000001
0000000001
0000000001
0000000001
0000000001
0000000001
0000000001
0000000001
0000000001
0000000001
0000000001
0000000001
0000000001
0000000001
0000000001
0000000001
0000000001
0000000001
0000000001
0000000001
0000000001
0000000001
0000000001
0000000001
0000000001
0000000001
0000000001
0000000001
0000000001
0000000001
0000000001
0000000001
0000000001
0000000001
0000000001
0000000001
0000000001
0000000001
0000000001
0000000001
0000000001
0000000001
0000000001
0000000001
0000000001
0000000001
0000000001
0000000001
0000000001
0000000001
0000000001
0000000001
0000000001
0000000001
0000000001
0000000001
0000000001
0000000001
0000000001
0000000001
0000000001
0000000001
0000000001
0000000001
0000000001
0000000001
0000000001
0000000001
0000000001
0000000001
0000000001
0000000001
0000000001
0000000001
0000000001
0000000001
0000000001
0000000001
0000000001
0000000001
0000000001
0000000001
0000000001
0000000001
0000000001
0000000001
0000000001
0000000001
0000000001
0000000001
0000000001
0000000001
0000000001
0000000001
0000000001
0000000001
0000000001
0000000001
0000000001
0000000001
0000000001
0000000001
0000000001
0000000001
0000000001
0000000001
0000000001
0000000001
0000000001
0000000001
0000000001
0000000001
0000000001
0000000001
0000000001
0000000001
0000000001
0000000001
0000000001
0000000001
0000000001
0000000001
0000000001
0000000001
0000000001
0000000001
0000000001
0000000001
0000000001
0000000001
0000000001
0000000001
0000000001
0000000001
0000000001
0000000001
0000000001
0000000001
0000000001
0000000001
0000000001
0000000001
0000000001
0000000001
0000000001
0000000001
0000000001
0000000001
0000000001
0000000001
0000000001
0000000001
0000000001
0000000001
0000000001
0000000001
0000000001
0000000001
0000000001
0000000001
0000000001
0000000001
0000000001
0000000001
0000000001
0000000001
0000000001
0000000001
0000000001
0000000001
0000000001
0000000001
0000000001
0000000001
0000000001
0000000001
0000000001
0000000001
0000000001
0000000001
0000000001
0000000001
0000000001
0000000001
0000000001
0000000001
0000000001
0000000001
0000000001
0000000001
0000000001
0000000001
0000000001
0000000001
0000000001
0000000001
0000000001
0000000001
0000000001
0000000001
0000000001
0000000001
0000000001
0000000001
0000000001
0000000001
0000000001
0000000001
0000000001
0000000001
0000000001
0000000001
0000000001
0000000001
0000000001
0000000001
0000000001
0000000001
0000000001
0000000001
0000000001
0000000001
0000000001
0000000001
0000000001
0000000001
0000000001
0000000001
0000000001
0000000001
0000000001
0000000001
0000000001
0000000001
0000000001
0000000001
0000000001
0000000001
0000000001
0000000001
0000000001
0000000001
0000000001
0000000001
0000000001
0000000001
0000000001
0000000001
0000000001
0000000001
0000000001
0000000001
0000000001
0000000001
0000000001
0000000001
0000000001
0000000001
0000000001
0000000001
0000000001
0000000001
0000000001
0000000001
0000000001
0000000001
0000000001
0000000001
0000000001
0000000001
0000000001
0000000001
0000000001
0000000001
0000000001
0000000001
0000000001
0000000001
0000000001
0000000001
0000000001
0000000001
0000000001
0000000001
0000000001
0000000001
0000000001
0000000001
0000000001
0000000001
0000000001
0000000001
0000000001
0000000001
0000000001
0000000001
0000000001
0000000001
0000000001
0000000001
0000000001
0000000001
0000000001
0000000001
0000000001
0000000001
0000000001
0000000001
0000000001
0000000001
0000000001
0000000001
0000000001
0000000001
0000000001
0000000001
0000000001
0000000001
0000000001
0000000001
0000000001
0000000001
0000000001
0000000001
0000000001
0000000001
0000000001
0000000001
0000000001
0000000001
0000000001
0000000001
0000000001
0000000001
0000000001
0000000001
0000000001
0000000001
0000000001
0000000001
0000000001
0000000001
0000000001
0000000001
0000000001
0000000001
0000000001
0000000001
0000000001
0000000001
0000000001
0000000001
0000000001
0000000001
0000000001
0000000001
0000000001
0000000001
0000000001
0000000001
0000000001
0000000001
0000000001
0000000001
0000000001
0000000001
0000000001
0000000001
0000000001
0000000001
0000000001
0000000001
0000000001
0000000001
0000000001
0000000001
0000000001
0000000001
0000000001
0000000001
0000000001
0000000001
0000000001
0000000001
0000000001
0000000001
0000000001
0000000001
0000000001
0000000001
0000000001
0000000001
0000000001
0000000001
0000000001
0000000001
0000000001
0000000001
0000000001
0000000001
0000000001
0000000001
0000000001
0000000001
0000000001
0000000001
0000000001
0000000001
0000000001
0000000001
0000000001
0000000001
0000000001
0000000001
0000000001
0000000001
0000000001
0000000001
0000000001
0000000001
0000000001
0000000001
0000000001
0000000001
0000000001
0000000001
0000000001
0000000001
0000000001
0000000001
