0000000001
000000E801
0000000001
000800E801
0000000001
001000E801
0000000001
001800E801
0000000001
002000E801
0000000001
002800E801
FFF6152001
003000E201
FFF6172001
003800E201
FFF6162001
004000E201
FFF6182001
004800E201
FFF2002001
008800E201
0001082001
006000E201
0009082001
007000E201
0011082001
006800E201
0019082001
007800E201
FFE9082001
00E000E201
0081082001
0089082249
FFF1082026
00E000E201
00A1082001
FFF1132249
0081082001
00C1082025
00C800E201
00B1082001
FFF1132249
0081082001
00D1082025
00D800E201
00E9082001
0000000001
00F800F001
00F9082001
FFF1132249
00E1082001
FFE9082025
00E000E201
0081082001
008800E225
0091082001
00A1082241
00F000E201
00A1082001
00F1142201
00A800E201
00C800C001
0007FFA001
00A800C001
0067FF2081
005000E201
0077FF4081
005800E401
FFF1082001
FFF7FF2241
00B800E201
00D800C001
0007FFA001
00B800C001
0067FF2081
0051082201
005000E201
0077FF4081
0059084401
005800E401
0091082001
00E1082241
0000000001
009800F001
0000000001
FFF2012001
013800E201
0001082001
011000E201
0009082001
012000E201
0021082001
011800E201
0029082001
012800E201
FFE9082001
019000E201
0131082001
0139082249
FFF1082026
019000E201
0151082001
FFF1132249
0131082001
0171082025
017800E201
0161082001
FFF1132249
0131082001
0181082025
018800E201
0199082001
0000000001
01A800F001
01A9082001
FFF1132249
0191082001
FFE9082025
019000E201
0131082001
013800E225
0141082001
0151082241
01A000E201
0151082001
01A1142201
015800E201
017800C001
0007FFA001
015800C001
0117FF2081
010000E201
0127FF4081
010800E401
FFF1082001
FFF7FF2241
016800E201
018800C001
0007FFA001
016800C001
0117FF2081
0101082201
010000E201
0127FF4081
0109084401
010800E401
0141082001
0191082241
0000000001
014800F001
0000000001
0000000001
0031082001
01B000E201
0000000001
0039082001
01B800E201
0000000001
0041082001
01C000E201
0000000001
0049082001
01C800E201
0000000001
0021082001
01D000E201
0101082001
FF28000201
0109082001
FF30000201
0031082001
01E9082241
020800E201
01F9082001
01E9083401
020A022201
01F000E201
01F000C001
020000F201
0057FF2001
01D800E201
005FFF2001
01E000E201
0000000001
0059082001
021000E201
0000000001
0051082001
021800E201
01DA032001
023000E201
0000000001
01E2042001
024800E201
0000000001
0272082001
026A092201
025A083401
0252092201
0232052201
022A062201
0222072201
0000000001
026000E201
027800F201
02A2082001
029A092201
028A083401
0282092201
024A052201
0242062201
023A072201
0000000001
029000E201
02A800F201
FFF2112001
0361082241
038000E201
0371082001
0361083401
0381142201
0000000001
036800E201
037800F201
0369082001
02C000E201
035000C001
0357FF2241
02C800E201
0351082001
02C90D2201
035800E201
FFF1084001
02C1082449
FFE9082027
02D800E201
02320A2001
02D000E201
0302102001
02D20F2201
030800E201
024A0A2001
02D000E201
0322102001
02D20F2201
032800E201
02320B2001
02E800E201
03120E2001
02EA0C2201
02E20D2201
031800E201
024A0B2001
02F800E201
03320E2001
02FA0C2201
02F20D2201
033800E201
0309082001
0319082201
034000E201
0329082001
0339082201
034800E201
02C000C001
0237FF2001
0359084001
02C800E401
02C800C001
02DFFF4001
02C800E401
02C800C001
0347FF2201
02B000E201
0000000001
02C000C001
024FFF2001
0359084001
02C800E401
02C800C001
02DFFF4001
02C800E401
02C800C001
034FFF2201
02B800E201
0000000001
0261082001
0291082201
0000000001
038800E201
02B2122001
039000E201
02BA132001
039800E201
038A142001
03A000E201
0391082001
FF68000201
0399082001
FF70000201
03A1082001
FF78000201
03A1082001
FF80000201
0000000001
0000000001
0000000001
0000000001
0000000001
0000000001
0000000001
0000000001
0000000001
0000000001
0000000001
0000000001
0000000001
0000000001
0000000001
0000000001
0000000001
0000000001
0000000001
0000000001
0000000001
0000000001
0000000001
0000000001
0000000001
0000000001
0000000001
0000000001
0000000001
0000000001
0000000001
0000000001
0000000001
0000000001
0000000001
0000000001
0000000001
0000000001
0000000001
0000000001
0000000001
0000000001
0000000001
0000000001
0000000001
0000000001
0000000001
0000000001
0000000001
0000000001
0000000001
0000000001
0000000001
0000000001
0000000001
0000000001
0000000001
0000000001
0000000001
0000000001
0000000001
0000000001
0000000001
0000000001
0000000001
0000000001
0000000001
0000000001
0000000001
0000000001
0000000001
0000000001
0000000001
0000000001
0000000001
0000000001
0000000001
0000000001
0000000001
0000000001
0000000001
0000000001
0000000001
0000000001
0000000001
0000000001
0000000001
0000000001
0000000001
0000000001
0000000001
0000000001
0000000001
0000000001
0000000001
0000000001
0000000001
0000000001
0000000001
0000000001
0000000001
0000000001
0000000001
0000000001
0000000001
0000000001
0000000001
0000000001
0000000001
0000000001
0000000001
0000000001
0000000001
0000000001
0000000001
0000000001
0000000001
0000000001
0000000001
0000000001
0000000001
0000000001
0000000001
0000000001
0000000001
0000000001
0000000001
0000000001
0000000001
0000000001
0000000001
0000000001
0000000001
0000000001
0000000001
0000000001
0000000001
0000000001
0000000001
0000000001
0000000001
0000000001
0000000001
0000000001
0000000001
0000000001
0000000001
0000000001
0000000001
0000000001
0000000001
0000000001
0000000001
0000000001
0000000001
0000000001
0000000001
0000000001
0000000001
0000000001
0000000001
0000000001
0000000001
0000000001
0000000001
0000000001
0000000001
0000000001
0000000001
0000000001
0000000001
0000000001
0000000001
0000000001
0000000001
0000000001
0000000001
0000000001
0000000001
0000000001
0000000001
0000000001
0000000001
0000000001
0000000001
0000000001
0000000001
0000000001
0000000001
0000000001
0000000001
0000000001
0000000001
0000000001
0000000001
0000000001
0000000001
0000000001
0000000001
0000000001
0000000001
0000000001
0000000001
0000000001
0000000001
0000000001
0000000001
0000000001
0000000001
0000000001
0000000001
0000000001
0000000001
0000000001
0000000001
0000000001
0000000001
0000000001
0000000001
0000000001
0000000001
0000000001
0000000001
0000000001
0000000001
0000000001
0000000001
0000000001
0000000001
0000000001
0000000001
0000000001
0000000001
0000000001
0000000001
0000000001
0000000001
0000000001
0000000001
0000000001
0000000001
0000000001
0000000001
0000000001
0000000001
0000000001
0000000001
0000000001
0000000001
0000000001
0000000001
0000000001
0000000001
0000000001
0000000001
0000000001
0000000001
0000000001
0000000001
0000000001
0000000001
0000000001
0000000001
0000000001
0000000001
0000000001
0000000001
0000000001
0000000001
0000000001
0000000001
0000000001
0000000001
0000000001
0000000001
0000000001
0000000001
0000000001
0000000001
0000000001
0000000001
0000000001
0000000001
0000000001
0000000001
0000000001
0000000001
0000000001
0000000001
0000000001
0000000001
0000000001
0000000001
0000000001
0000000001
0000000001
0000000001
0000000001
0000000001
0000000001
0000000001
0000000001
0000000001
0000000001
0000000001
0000000001
0000000001
0000000001
0000000001
0000000001
0000000001
0000000001
0000000001
0000000001
0000000001
0000000001
0000000001
0000000001
0000000001
0000000001
0000000001
0000000001
0000000001
0000000001
0000000001
0000000001
0000000001
0000000001
0000000001
0000000001
0000000001
0000000001
0000000001
0000000001
0000000001
0000000001
0000000001
0000000001
0000000001
0000000001
0000000001
0000000001
0000000001
0000000001
0000000001
0000000001
0000000001
0000000001
0000000001
0000000001
0000000001
0000000001
0000000001
0000000001
0000000001
0000000001
0000000001
0000000001
0000000001
0000000001
0000000001
0000000001
0000000001
0000000001
0000000001
0000000001
0000000001
0000000001
0000000001
0000000001
0000000001
0000000001
0000000001
0000000001
0000000001
0000000001
0000000001
0000000001
0000000001
0000000001
0000000001
0000000001
0000000001
0000000001
0000000001
0000000001
0000000001
0000000001
0000000001
0000000001
0000000001
0000000001
0000000001
0000000001
0000000001
0000000001
0000000001
0000000001
0000000001
0000000001
0000000001
0000000001
0000000001
0000000001
0000000001
0000000001
0000000001
0000000001
0000000001
0000000001
0000000001
0000000001
0000000001
0000000001
0000000001
0000000001
0000000001
0000000001
0000000001
0000000001
0000000001
0000000001
0000000001
0000000001
0000000001
0000000001
0000000001
0000000001
0000000001
0000000001
0000000001
0000000001
0000000001
0000000001
0000000001
0000000001
0000000001
0000000001
0000000001
0000000001
0000000001
0000000001
0000000001
0000000001
0000000001
0000000001
0000000001
0000000001
0000000001
0000000001
0000000001
0000000001
0000000001
0000000001
0000000001
0000000001
0000000001
0000000001
0000000001
0000000001
0000000001
0000000001
0000000001
0000000001
0000000001
0000000001
0000000001
0000000001
0000000001
0000000001
0000000001
0000000001
0000000001
0000000001
0000000001
0000000001
0000000001
0000000001
0000000001
0000000001
0000000001
0000000001
0000000001
0000000001
0000000001
0000000001
0000000001
0000000001
0000000001
0000000001
0000000001
0000000001
0000000001
0000000001
0000000001
0000000001
0000000001
0000000001
0000000001
0000000001
0000000001
0000000001
0000000001
0000000001
0000000001
0000000001
0000000001
0000000001
0000000001
0000000001
0000000001
0000000001
0000000001
0000000001
0000000001
0000000001
0000000001
0000000001
0000000001
0000000001
0000000001
0000000001
0000000001
0000000001
0000000001
0000000001
0000000001
0000000001
0000000001
0000000001
0000000001
0000000001
0000000001
0000000001
0000000001
0000000001
0000000001
0000000001
0000000001
0000000001
0000000001
0000000001
0000000001
0000000001
0000000001
0000000001
0000000001
0000000001
0000000001
0000000001
0000000001
0000000001
0000000001
0000000001
0000000001
0000000001
0000000001
0000000001
0000000001
0000000001
0000000001
0000000001
0000000001
0000000001
0000000001
0000000001
0000000001
0000000001
0000000001
0000000001
0000000001
0000000001
0000000001
0000000001
0000000001
0000000001
0000000001
0000000001
0000000001
0000000001
0000000001
0000000001
0000000001
0000000001
0000000001
0000000001
0000000001
0000000001
0000000001
0000000001
0000000001
0000000001
0000000001
0000000001
0000000001
0000000001
0000000001
0000000001
0000000001
0000000001
0000000001
0000000001
0000000001
0000000001
0000000001
0000000001
0000000001
0000000001
0000000001
0000000001
0000000001
0000000001
0000000001
0000000001
0000000001
0000000001
0000000001
0000000001
0000000001
0000000001
0000000001
0000000001
0000000001
0000000001
0000000001
0000000001
0000000001
0000000001
0000000001
0000000001
0000000001
0000000001
0000000001
0000000001
0000000001
0000000001
0000000001
0000000001
0000000001
0000000001
0000000001
0000000001
0000000001
0000000001
0000000001
0000000001
0000000001
0000000001
0000000001
0000000001
0000000001
0000000001
0000000001
0000000001
0000000001
0000000001
0000000001
0000000001
0000000001
0000000001
0000000001
0000000001
0000000001
0000000001
0000000001
0000000001
0000000001
0000000001
0000000001
0000000001
0000000001
0000000001
0000000001
0000000001
0000000001
0000000001
0000000001
0000000001
0000000001
0000000001
0000000001
0000000001
0000000001
0000000001
0000000001
0000000001
0000000001
0000000001
0000000001
0000000001
0000000001
0000000001
0000000001
0000000001
0000000001
0000000001
0000000001
0000000001
0000000001
0000000001
0000000001
0000000001
0000000001
0000000001
0000000001
0000000001
0000000001
0000000001
0000000001
0000000001
0000000001
0000000001
0000000001
0000000001
0000000001
0000000001
0000000001
0000000001
0000000001
