1111111111110010000000000010000000000001
0000000000000000000000001110001000000001
1111111111110110000110000010000000000001
0000000000001000000000001110001000000001
1111111111110110000101110010000000000001
0000000000010000000000001110001000000001
0000000000000000000000000000000000000001
0000000000011000000000001110100000000001
0000000000000000000000000000000000000001
0000000000100000000000001110100000000001
0000000000000000000000000000000000000001
0000000000101000000000001110100000000001
0000000000000000000000000000000000000001
0000000000110000000000001110100000000001
0000000000000000000000000000000000000001
0000000000111000000000001110100000000001
0000000000000000000000000000000000000001
0000000001000000000000001110100000000001
1111111111110110000101010010000000000001
0000000001001000000000001110001000000001
1111111111110110000101100010000000000001
0000000001010000000000001110001000000001
0000000000011010000000010010000000000001
0000000001011000000000001110001000000001
0000000000000000000000000000000000000001
0000000000100010000000100010000000000001
0000000001100000000000001110001000000001
0000000000000000000000000000000000000001
0000000000000001000010000010000000000001
0000000001110000000000001110001000000001
0000000001110000000000001100000000000001
0000000000001111111111110010000000000001
0000000001101000000000001110001000000001
0000000000000001000010000010000000000001
0000000001110000000000001110001000000001
0000000001110000000000001100000000000001
0000000000010111111111110010000000000001
0000000001111000000000001110001000000001
0000000000000000000000000000000000000001
0000000001001001000010000010000000000001
0000000010000000000000001110001000000001
1111111111110010000000110010000000000001
0000000010110000000000001110001000000001
0000000001011001000010000010000000000001
0000000010001000000000001110001000000001
0000000001100001000010000010000000000001
0000000010011000000000001110001000000001
0000000000101001000010000010000000000001
0000000010010000000000001110001000000001
0000000000110001000010000010000000000001
0000000010100000000000001110001000000001
1111111111101001000010000010000000000001
0000000100001000000000001110001000000001
0000000010101001000010000010000000000001
0000000010110001000010000010001001001001
1111111111110001000010000010000000100110
0000000100001000000000001110001000000001
0000000011001001000010000010000000000001
1111111111110001000100110010001001001001
0000000010101001000010000010000000000001
0000000011101001000010000010000000100101
0000000011110000000000001110001000000001
0000000011011001000010000010000000000001
1111111111110001000100110010001001001001
0000000010101001000010000010000000000001
0000000011111001000010000010000000100101
0000000100000000000000001110001000000001
0000000100010001000010000010000000000001
0000000000000000000000000000000000000001
0000000100100000000000001111000000000001
0000000100100001000010000010000000000001
1111111111110001000100110010001001001001
0000000100001001000010000010000000000001
1111111111101001000010000010000000100101
0000000100001000000000001110001000000001
0000000010101001000010000010000000000001
0000000010110000000000001110001000100101
0000000010111001000010000010000000000001
0000000011001001000010000010001001000001
0000000100011000000000001110001000000001
0000000011001001000010000010000000000001
0000000100011001000101000010001000000001
0000000011010000000000001110001000000001
0000000011110000000000001100000000000001
0000000000000111111111111010000000000001
0000000011010000000000001100000000000001
0000000010001111111111110010000010000001
0000000111101000000000001110001000000001
0000000010011111111111110100000010000001
0000001010010000000000001110010000000001
1111111111110001000010000010000000000001
1111111111110111111111110010001001000001
0000000011100000000000001110001000000001
0000000100000000000000001100000000000001
0000000000000111111111111010000000000001
0000000011100000000000001100000000000001
0000000010001111111111110010000010000001
0000000111101001000010000010001000000001
0000000111101000000000001110001000000001
0000000010011111111111110100000010000001
0000001010010001000010000100010000000001
0000001010010000000000001110010000000001
0000000010111001000010000010000000000001
0000000100001001000010000010001001000001
0000000000000000000000000000000000000001
0000000011000000000000001111000000000001
0000000000000000000000000000000000000001
1111111111110010000001000010000000000001
0000000101100000000000001110001000000001
0000000001011001000010000010000000000001
0000000100111000000000001110001000000001
0000000001100001000010000010000000000001
0000000101001000000000001110001000000001
0000000000111001000010000010000000000001
0000000101000000000000001110001000000001
0000000001000001000010000010000000000001
0000000101010000000000001110001000000001
1111111111101001000010000010000000000001
0000000110111000000000001110001000000001
0000000101011001000010000010000000000001
0000000101100001000010000010001001001001
1111111111110001000010000010000000100110
0000000110111000000000001110001000000001
0000000101111001000010000010000000000001
1111111111110001000100110010001001001001
0000000101011001000010000010000000000001
0000000110011001000010000010000000100101
0000000110100000000000001110001000000001
0000000110001001000010000010000000000001
1111111111110001000100110010001001001001
0000000101011001000010000010000000000001
0000000110101001000010000010000000100101
0000000110110000000000001110001000000001
0000000111000001000010000010000000000001
0000000000000000000000000000000000000001
0000000111010000000000001111000000000001
0000000111010001000010000010000000000001
1111111111110001000100110010001001001001
0000000110111001000010000010000000000001
1111111111101001000010000010000000100101
0000000110111000000000001110001000000001
0000000101011001000010000010000000000001
0000000101100000000000001110001000100101
0000000101101001000010000010000000000001
0000000101111001000010000010001001000001
0000000111001000000000001110001000000001
0000000101111001000010000010000000000001
0000000111001001000101000010001000000001
0000000110000000000000001110001000000001
0000000110100000000000001100000000000001
0000000000000111111111111010000000000001
0000000110000000000000001100000000000001
0000000100111111111111110010000010000001
0000000100101000000000001110001000000001
0000000101001111111111110100000010000001
0000000100110000000000001110010000000001
1111111111110001000010000010000000000001
1111111111110111111111110010001001000001
0000000110010000000000001110001000000001
0000000110110000000000001100000000000001
0000000000000111111111111010000000000001
0000000110010000000000001100000000000001
0000000100111111111111110010000010000001
0000000100101001000010000010001000000001
0000000100101000000000001110001000000001
0000000101001111111111110100000010000001
0000000100110001000010000100010000000001
0000000100110000000000001110010000000001
0000000101101001000010000010000000000001
0000000110111001000010000010001001000001
0000000000000000000000000000000000000001
0000000101110000000000001111000000000001
0000000000000000000000000000000000000001
0000000100101001000010000010000000000001
1111111100101000000000000000001000000001
0000000100110001000010000010000000000001
1111111100110000000000000000001000000001
0000001000010010000010000010000000000001
0000001000001010000010010010001000000001
0000000111111010000010000011010000000001
0000000111110010000010010010001000000001
0000000111101010000001010010001000000001
0000000111100010000001100010001000000001
0000000111011010000001110010001000000001
0000000000000000000000000000000000000001
0000001000000000000000001110001000000001
0000001000011000000000001111001000000001
0000001001000010000011010010000000000001
0000001000111010000011100010001000000001
0000001000101010000011010011010000000001
0000001000100010000011100010001000000001
0000001000000010000010100010001000000001
0000000111111010000010110010001000000001
0000000111110010000011000010001000000001
0000000000000000000000000000000000000001
0000001000110000000000001110001000000001
0000001001001000000000001111001000000001
0000001001110010000100100010000000000001
0000001001101010000100110010001000000001
0000001001011010000100100011010000000001
0000001001010010000100110010001000000001
0000001000110010000011110010001000000001
0000001000101010000100000010001000000001
0000001000100010000100010010001000000001
0000000000000000000000000000000000000001
0000001001100000000000001110001000000001
0000001001111000000000001111001000000001
0000001010111010000010000010000000000001
0000001010110010000010010010001000000001
0000001010100010000010000011010000000001
0000001010011010000010010010001000000001
0000001010010010000001010010001000000001
0000001010001010000001100010001000000001
0000001010000010000001110010001000000001
0000000000000000000000000000000000000001
0000001010101000000000001110001000000001
0000001011000000000000001111001000000001
0000001011101010000011010010000000000001
0000001011100010000011100010001000000001
0000001011010010000011010011010000000001
0000001011001010000011100010001000000001
0000001010101010000010100010001000000001
0000001010100010000010110010001000000001
0000001010011010000011000010001000000001
0000000000000000000000000000000000000001
0000001011011000000000001110001000000001
0000001011110000000000001111001000000001
0000001100011010000100100010000000000001
0000001100010010000100110010001000000001
0000001100000010000100100011010000000001
0000001011111010000100110010001000000001
0000001011011010000011110010001000000001
0000001011010010000100000010001000000001
0000001011001010000100010010001000000001
0000000000000000000000000000000000000001
0000001100001000000000001110001000000001
0000001100100000000000001111001000000001
0000000001101001000010000010000000000001
0000001100110000000000001110001000000001
1111111111101001000010000010000000000001
0000001110001000000000001110001000000001
0000001100101001000010000010000000000001
0000001100110001000010000010001001001001
1111111111110001000010000010000000100110
0000001110001000000000001110001000000001
0000001101001001000010000010000000000001
1111111111110010010011010010001001001001
0000001100101001000010000010000000000001
0000001101101001000010000010000000100101
0000001101110000000000001110001000000001
0000001101011001000010000010000000000001
1111111111110010010011010010001001001001
0000001100101001000010000010000000000001
0000001101111001000010000010000000100101
0000001110000000000000001110001000000001
0000001110010001000010000010000000000001
0000000000000000000000000000000000000001
0000001110100000000000001111000000000001
0000001110100001000010000010000000000001
1111111111110010010011010010001001001001
0000001110001001000010000010000000000001
1111111111101001000010000010000000100101
0000001110001000000000001110001000000001
0000001100101001000010000010000000000001
0000001100110000000000001110001000100101
0000001101110010000101000010000000000001
0000001110101000000000001110001000000001
0000001110101000000000001100000000000001
0000001001100001000010000010000000000001
0000001111010000000000001110001000000001
0000010010010010000110000010000100000001
0000010010001010000110010010001100000001
0000001111100010000110000011010100000001
0000001111011010000110010010001100000001
0000001111010010000101010010001100000001
0000001111001010000101100010001100000001
0000001111000010000101110010001100000001
0000000000000000000000000000000000000001
0000001111101000000000001110001000000001
0000010010011000000000001111001000000001
0000001100001001000010000010000000000001
0000010000001000000000001110001000000001
0000010010101010000110000010000100000001
0000010010100010000110010010001100000001
0000010000011010000110000011010100000001
0000010000010010000110010010001100000001
0000010000001010000101010010001100000001
0000010000000010000101100010001100000001
0000001111111010000101110010001100000001
0000000000000000000000000000000000000001
0000010000100000000000001110001000000001
0000010010110000000000001111001000000001
0000001110000010000101000010000000000001
0000001110110000000000001110001000000001
0000001110110000000000001100000000000001
0000001001100001000010000010000000000001
0000010000111000000000001110001000000001
0000010011000010000110000010000100000001
0000010010111010000110010010001100000001
0000010001001010000110000011010100000001
0000010001000010000110010010001100000001
0000010000111010000101010010001100000001
0000010000110010000101100010001100000001
0000010000101010000101110010001100000001
0000000000000000000000000000000000000001
0000010001010000000000001110001000000001
0000010011001000000000001111001000000001
0000001100001001000010000010000000000001
0000010001101000000000001110001000000001
0000010011011010000110000010000100000001
0000010011010010000110010010001100000001
0000010001111010000110000011010100000001
0000010001110010000110010010001100000001
0000010001101010000101010010001100000001
0000010001100010000101100010001100000001
0000010001011010000101110010001100000001
0000000000000000000000000000000000000001
0000010010000000000000001110001000000001
0000010011100000000000001111001000000001
0000001100111001000010000010000000000001
0000001101001001000010000010001001000001
0000001110011000000000001110001000000001
0000001101001001000010000010000000000001
0000001110011010010011000010001000000001
0000001101010000000000001110001000000001
1111111111110001000010000010000000000001
0000001101010001000010000010001001000001
0000001101100000000000001110001000000001
0000001101010000000000001100000000000001
0000001111101111111111110010000000000001
0000001101100000000000001100000000000001
0000010001010111111111110010001000000001
0000001110111000000000001110001000000001
0000001101010000000000001100000000000001
0000010000100111111111110010000000000001
0000001101100000000000001100000000000001
0000010010000111111111110010001000000001
0000001111110000000000001110001000000001
0000001100111001000010000010000000000001
0000001110001001000010000010001001000001
0000000000000000000000000000000000000001
0000001101000000000000001111000000000001
0000000001111001000010000010000000000001
0000010011110000000000001110001000000001
1111111111101001000010000010000000000001
0000010101001000000000001110001000000001
0000010011101001000010000010000000000001
0000010011110001000010000010001001001001
1111111111110001000010000010000000100110
0000010101001000000000001110001000000001
0000010100001001000010000010000000000001
1111111111110010100001110010001001001001
0000010011101001000010000010000000000001
0000010100101001000010000010000000100101
0000010100110000000000001110001000000001
0000010100011001000010000010000000000001
1111111111110010100001110010001001001001
0000010011101001000010000010000000000001
0000010100111001000010000010000000100101
0000010101000000000000001110001000000001
0000010101010001000010000010000000000001
0000000000000000000000000000000000000001
0000001110100000000000001111000000000001
0000001110100001000010000010000000000001
1111111111110010100001110010001001001001
0000010101001001000010000010000000000001
1111111111101001000010000010000000100101
0000010101001000000000001110001000000001
0000010011101001000010000010000000000001
0000010011110000000000001110001000100101
0000010100110010010011100010000000000001
0000010101100000000000001110001000000001
0000010101100000000000001100000000000001
0000001110111001000010000010000000000001
0000010110001000000000001110001000000001
0000011001001010010100100010000100000001
0000011001000010010100110010001100000001
0000010110011010010100100011010100000001
0000010110010010010100110010001100000001
0000010110001010010011110010001100000001
0000010110000010010100000010001100000001
0000010101111010010100010010001100000001
0000000000000000000000000000000000000001
0000010110100000000000001110001000000001
0000011001010000000000001111001000000001
0000001111110001000010000010000000000001
0000010111000000000000001110001000000001
0000011001100010010100100010000100000001
0000011001011010010100110010001100000001
0000010111010010010100100011010100000001
0000010111001010010100110010001100000001
0000010111000010010011110010001100000001
0000010110111010010100000010001100000001
0000010110110010010100010010001100000001
0000000000000000000000000000000000000001
0000010111011000000000001110001000000001
0000011001101000000000001111001000000001
0000010101000010010011100010000000000001
0000010101101000000000001110001000000001
0000010101101000000000001100000000000001
0000001110111001000010000010000000000001
0000010111110000000000001110001000000001
0000011001111010010100100010000100000001
0000011001110010010100110010001100000001
0000011000000010010100100011010100000001
0000010111111010010100110010001100000001
0000010111110010010011110010001100000001
0000010111101010010100000010001100000001
0000010111100010010100010010001100000001
0000000000000000000000000000000000000001
0000011000001000000000001110001000000001
0000011010000000000000001111001000000001
0000001111110001000010000010000000000001
0000011000100000000000001110001000000001
0000011010010010010100100010000100000001
0000011010001010010100110010001100000001
0000011000110010010100100011010100000001
0000011000101010010100110010001100000001
0000011000100010010011110010001100000001
0000011000011010010100000010001100000001
0000011000010010010100010010001100000001
0000000000000000000000000000000000000001
0000011000111000000000001110001000000001
0000011010011000000000001111001000000001
0000010011111001000010000010000000000001
0000010100001001000010000010001001000001
0000010101011000000000001110001000000001
0000010100001001000010000010000000000001
0000010101011010100001100010001000000001
0000010100010000000000001110001000000001
1111111111110001000010000010000000000001
0000010100010001000010000010001001000001
0000010100100000000000001110001000000001
0000010100010000000000001100000000000001
0000010110100111111111110010000000000001
0000010100100000000000001100000000000001
0000011000001111111111110010001000000001
0000010101110000000000001110001000000001
0000010100010000000000001100000000000001
0000010111011111111111110010000000000001
0000010100100000000000001100000000000001
0000011000111111111111110010001000000001
0000010110101000000000001110001000000001
0000010011111001000010000010000000000001
0000010101001001000010000010001001000001
0000000000000000000000000000000000000001
0000010100000000000000001111000000000001
0000000001010001000010000010000000000001
0000011101001001000010000010001001000001
0000011101101000000000001110001000000001
0000011101011001000010000010000000000001
0000011101001001000010000011010000000001
0000011101101010100011110010001000000001
0000000000000000000000000000000000000001
0000011101010000000000001110001000000001
0000011101100000000000001111001000000001
0000011101010001000010000010000000000001
0000011010110000000000001110001000000001
0000011100111000000000001100000000000001
0000011100111111111111110010001001000001
0000001110100000000000001110001000000001
0000011100111001000010000010000000000001
0000001110100001000011010010001000000001
0000011101000000000000001110001000000001
1111111111110001000010000100000000000001
0000011010110001000010000010010001001001
1111111111101001000010000010000000100111
0000011011000000000000001110001000000001
0000010101110010100010000010000000000001
0000011010111000000000001110001000000001
0000011011011010100011100010000000000001
0000011010111010100011010010001000000001
0000011011100000000000001110001000000001
0000010101110010100010010010000000000001
0000011011010000000000001110001000000001
0000011011101010100011000010000000000001
0000011011010010100010100010001000000001
0000011011001010100010110010001000000001
0000011011110000000000001110001000000001
0000011011100001000010000010000000000001
0000011011110001000010000010001000000001
0000011011111000000000001110001000000001
0000011010110000000000001100000000000001
0000010101110111111111110010000000000001
0000011101000001000010000100000000000001
0000001110100000000000001110010000000001
0000001110100000000000001100000000000001
0000011011000111111111110100000000000001
0000001110100000000000001110010000000001
0000001110100000000000001100000000000001
0000011011111111111111110010001000000001
0000011101110000000000001110001000000001
0000010110101010100010000010000000000001
0000011010111000000000001110001000000001
0000011100010010100011100010000000000001
0000011010111010100011010010001000000001
0000011100011000000000001110001000000001
0000010110101010100010010010000000000001
0000011100001000000000001110001000000001
0000011100100010100011000010000000000001
0000011100001010100010100010001000000001
0000011100000010100010110010001000000001
0000011100101000000000001110001000000001
0000011100011001000010000010000000000001
0000011100101001000010000010001000000001
0000011100110000000000001110001000000001
0000011010110000000000001100000000000001
0000010110101111111111110010000000000001
0000011101000001000010000100000000000001
0000001110100000000000001110010000000001
0000001110100000000000001100000000000001
0000011011000111111111110100000000000001
0000001110100000000000001110010000000001
0000001110100000000000001100000000000001
0000011100110111111111110010001000000001
0000011101111000000000001110001000000001
0000000001001001000010000010000000000001
0000011110000001000010000010001001000001
0000011110100000000000001110001000000001
0000011110010001000010000010000000000001
0000011110000001000010000011010000000001
0000011110100010100100000010001000000001
0000011110001000000000001110001000000001
0000011110001000000000001100000000000001
0000011110011000000000001111001000000001
0000011101110111111111110010000000000001
0000011111001000000000001110001000000001
0000011101111111111111110010000000000001
0000011111100000000000001110001000000001
0000000000000000000000000000000000000001
0000011101111001000010000010000000000001
0000011110101000000000001110001000000001
0000000000000000000000000000000000000001
0000011101110001000010000010000000000001
0000011110110000000000001110001000000001
0000100000001010100101000010000000000001
0000100000000010100101010010001000000001
0000011111110010100101000011010000000001
0000011111101010100101010010001000000001
0000011111001010100100010010001000000001
0000011111000010100100100010001000000001
0000011110111010100100110010001000000001
0000000000000000000000000000000000000001
0000011111111000000000001110001000000001
0000100000010000000000001111001000000001
0000100000111010100101000010000000000001
0000100000110010100101010010001000000001
0000100000100010100101000011010000000001
0000100000011010100101010010001000000001
0000011111100010100100010010001000000001
0000011111011010100100100010001000000001
0000011111010010100100110010001000000001
0000000000000000000000000000000000000001
0000100000101000000000001110001000000001
0000100001000000000000001111001000000001
0000100001101010100110010010000000000001
0000100001100010100110100010001000000001
0000100001010010100110010011010000000001
0000100001001010100110100010001000000001
0000011111001010100101100010001000000001
0000011111000010100101110010001000000001
0000011110111010100110000010001000000001
0000000000000000000000000000000000000001
0000100001011000000000001110001000000001
0000100001110000000000001111001000000001
0000100010011010100110010010000000000001
0000100010010010100110100010001000000001
0000100010000010100110010011010000000001
0000100001111010100110100010001000000001
0000011111100010100101100010001000000001
0000011111011010100101110010001000000001
0000011111010010100110000010001000000001
0000000000000000000000000000000000000001
0000100010001000000000001110001000000001
0000100010100000000000001111001000000001
0000011111111001000010000010000000000001
0000100000101001000010000010001000000001
0000000000000000000000000000000000000001
0000100010101000000000001110001000000001
0000100010001010100110110010000000000001
0000100010110000000000001110001000000001
0000000000000000000000000000000000000001
0000100001011010100111000010000000000001
0000100010111000000000001110001000000001
0000000000000000000000000000000000000001
0000100010101010100111010010000000000001
0000100011000000000000001110001000000001
0000000000000000000000000000000000000001
0000100010111010100111100010000000000001
0000100011011000000000001110001000000001
0000100010110010100111110010000000000001
0000100100010000000000001110001000000001
0000100011000010101000000010000000000001
0000100011001000000000001110001000000001
0000100011110010101000010010000000000001
0000100011100010101000010011010000000001
0000100011010001000010000010001001000001
0000100011011001000010000010001000000001
0000100011101000000000001110001000000001
0000000000000000000000000000000000000001
0000100011111000000000001111001000000001
0000100100101010101000100010000000000001
0000100100011010101000100011010000000001
0000100100001001000010000010001001000001
0000100100010001000010000010001000000001
0000100100100000000000001110001000000001
0000000000000000000000000000000000000001
0000100100110000000000001111001000000001
0000100011001001000010000010000000000001
1111111101111000000000000000001000000001
0000100011001001000010000010000000000001
1111111110000000000000000000001000000001
0000100011101001000010000010000000000001
1111111101101000000000000000001000000001
0000100100100001000010000010000000000001
1111111101110000000000000000001000000001
0000000000000000000000000000000000000001
0000000000000000000000000000000000000001
0000000000000000000000000000000000000001
0000000000000000000000000000000000000001
0000000000000000000000000000000000000001
0000000000000000000000000000000000000001
0000000000000000000000000000000000000001
0000000000000000000000000000000000000001
0000000000000000000000000000000000000001
0000000000000000000000000000000000000001
0000000000000000000000000000000000000001
0000000000000000000000000000000000000001
0000000000000000000000000000000000000001
0000000000000000000000000000000000000001
0000000000000000000000000000000000000001
0000000000000000000000000000000000000001
0000000000000000000000000000000000000001
0000000000000000000000000000000000000001
0000000000000000000000000000000000000001
0000000000000000000000000000000000000001
0000000000000000000000000000000000000001
0000000000000000000000000000000000000001
0000000000000000000000000000000000000001
0000000000000000000000000000000000000001
0000000000000000000000000000000000000001
0000000000000000000000000000000000000001
0000000000000000000000000000000000000001
0000000000000000000000000000000000000001
0000000000000000000000000000000000000001
0000000000000000000000000000000000000001
0000000000000000000000000000000000000001
0000000000000000000000000000000000000001
0000000000000000000000000000000000000001
0000000000000000000000000000000000000001
0000000000000000000000000000000000000001
0000000000000000000000000000000000000001
0000000000000000000000000000000000000001
0000000000000000000000000000000000000001
0000000000000000000000000000000000000001
0000000000000000000000000000000000000001
0000000000000000000000000000000000000001
0000000000000000000000000000000000000001
0000000000000000000000000000000000000001
0000000000000000000000000000000000000001
0000000000000000000000000000000000000001
0000000000000000000000000000000000000001
0000000000000000000000000000000000000001
0000000000000000000000000000000000000001
0000000000000000000000000000000000000001
0000000000000000000000000000000000000001
0000000000000000000000000000000000000001
0000000000000000000000000000000000000001
0000000000000000000000000000000000000001
0000000000000000000000000000000000000001
0000000000000000000000000000000000000001
0000000000000000000000000000000000000001
0000000000000000000000000000000000000001
0000000000000000000000000000000000000001
0000000000000000000000000000000000000001
0000000000000000000000000000000000000001
0000000000000000000000000000000000000001
0000000000000000000000000000000000000001
0000000000000000000000000000000000000001
0000000000000000000000000000000000000001
0000000000000000000000000000000000000001
0000000000000000000000000000000000000001
0000000000000000000000000000000000000001
0000000000000000000000000000000000000001
0000000000000000000000000000000000000001
0000000000000000000000000000000000000001
0000000000000000000000000000000000000001
0000000000000000000000000000000000000001
0000000000000000000000000000000000000001
0000000000000000000000000000000000000001
0000000000000000000000000000000000000001
0000000000000000000000000000000000000001
0000000000000000000000000000000000000001
0000000000000000000000000000000000000001
0000000000000000000000000000000000000001
0000000000000000000000000000000000000001
0000000000000000000000000000000000000001
0000000000000000000000000000000000000001
0000000000000000000000000000000000000001
0000000000000000000000000000000000000001
0000000000000000000000000000000000000001
0000000000000000000000000000000000000001
0000000000000000000000000000000000000001
0000000000000000000000000000000000000001
0000000000000000000000000000000000000001
0000000000000000000000000000000000000001
0000000000000000000000000000000000000001
0000000000000000000000000000000000000001
0000000000000000000000000000000000000001
0000000000000000000000000000000000000001
0000000000000000000000000000000000000001
0000000000000000000000000000000000000001
0000000000000000000000000000000000000001
0000000000000000000000000000000000000001
0000000000000000000000000000000000000001
0000000000000000000000000000000000000001
0000000000000000000000000000000000000001
0000000000000000000000000000000000000001
0000000000000000000000000000000000000001
0000000000000000000000000000000000000001
0000000000000000000000000000000000000001
0000000000000000000000000000000000000001
0000000000000000000000000000000000000001
0000000000000000000000000000000000000001
0000000000000000000000000000000000000001
0000000000000000000000000000000000000001
0000000000000000000000000000000000000001
0000000000000000000000000000000000000001
0000000000000000000000000000000000000001
0000000000000000000000000000000000000001
0000000000000000000000000000000000000001
0000000000000000000000000000000000000001
0000000000000000000000000000000000000001
0000000000000000000000000000000000000001
0000000000000000000000000000000000000001
0000000000000000000000000000000000000001
0000000000000000000000000000000000000001
0000000000000000000000000000000000000001
0000000000000000000000000000000000000001
0000000000000000000000000000000000000001
0000000000000000000000000000000000000001
0000000000000000000000000000000000000001
0000000000000000000000000000000000000001
0000000000000000000000000000000000000001
0000000000000000000000000000000000000001
0000000000000000000000000000000000000001
0000000000000000000000000000000000000001
0000000000000000000000000000000000000001
0000000000000000000000000000000000000001
0000000000000000000000000000000000000001
0000000000000000000000000000000000000001
0000000000000000000000000000000000000001
0000000000000000000000000000000000000001
0000000000000000000000000000000000000001
0000000000000000000000000000000000000001
0000000000000000000000000000000000000001
0000000000000000000000000000000000000001
0000000000000000000000000000000000000001
0000000000000000000000000000000000000001
0000000000000000000000000000000000000001
0000000000000000000000000000000000000001
0000000000000000000000000000000000000001
0000000000000000000000000000000000000001
0000000000000000000000000000000000000001
0000000000000000000000000000000000000001
0000000000000000000000000000000000000001
0000000000000000000000000000000000000001
0000000000000000000000000000000000000001
0000000000000000000000000000000000000001
0000000000000000000000000000000000000001
0000000000000000000000000000000000000001
0000000000000000000000000000000000000001
0000000000000000000000000000000000000001
0000000000000000000000000000000000000001
0000000000000000000000000000000000000001
0000000000000000000000000000000000000001
0000000000000000000000000000000000000001
0000000000000000000000000000000000000001
0000000000000000000000000000000000000001
0000000000000000000000000000000000000001
0000000000000000000000000000000000000001
0000000000000000000000000000000000000001
0000000000000000000000000000000000000001
0000000000000000000000000000000000000001
0000000000000000000000000000000000000001
0000000000000000000000000000000000000001
0000000000000000000000000000000000000001
0000000000000000000000000000000000000001
0000000000000000000000000000000000000001
0000000000000000000000000000000000000001
0000000000000000000000000000000000000001
0000000000000000000000000000000000000001
0000000000000000000000000000000000000001
0000000000000000000000000000000000000001
0000000000000000000000000000000000000001
0000000000000000000000000000000000000001
0000000000000000000000000000000000000001
0000000000000000000000000000000000000001
0000000000000000000000000000000000000001
0000000000000000000000000000000000000001
0000000000000000000000000000000000000001
0000000000000000000000000000000000000001
0000000000000000000000000000000000000001
0000000000000000000000000000000000000001
0000000000000000000000000000000000000001
0000000000000000000000000000000000000001
0000000000000000000000000000000000000001
0000000000000000000000000000000000000001
0000000000000000000000000000000000000001
0000000000000000000000000000000000000001
0000000000000000000000000000000000000001
0000000000000000000000000000000000000001
0000000000000000000000000000000000000001
0000000000000000000000000000000000000001
0000000000000000000000000000000000000001
0000000000000000000000000000000000000001
0000000000000000000000000000000000000001
0000000000000000000000000000000000000001
0000000000000000000000000000000000000001
0000000000000000000000000000000000000001
0000000000000000000000000000000000000001
0000000000000000000000000000000000000001
0000000000000000000000000000000000000001
0000000000000000000000000000000000000001
0000000000000000000000000000000000000001
0000000000000000000000000000000000000001
0000000000000000000000000000000000000001
0000000000000000000000000000000000000001
0000000000000000000000000000000000000001
0000000000000000000000000000000000000001
0000000000000000000000000000000000000001
0000000000000000000000000000000000000001
0000000000000000000000000000000000000001
0000000000000000000000000000000000000001
0000000000000000000000000000000000000001
0000000000000000000000000000000000000001
0000000000000000000000000000000000000001
0000000000000000000000000000000000000001
0000000000000000000000000000000000000001
0000000000000000000000000000000000000001
0000000000000000000000000000000000000001
0000000000000000000000000000000000000001
0000000000000000000000000000000000000001
0000000000000000000000000000000000000001
0000000000000000000000000000000000000001
0000000000000000000000000000000000000001
0000000000000000000000000000000000000001
0000000000000000000000000000000000000001
0000000000000000000000000000000000000001
0000000000000000000000000000000000000001
0000000000000000000000000000000000000001
0000000000000000000000000000000000000001
0000000000000000000000000000000000000001
0000000000000000000000000000000000000001
0000000000000000000000000000000000000001
0000000000000000000000000000000000000001
0000000000000000000000000000000000000001
0000000000000000000000000000000000000001
0000000000000000000000000000000000000001
0000000000000000000000000000000000000001
0000000000000000000000000000000000000001
0000000000000000000000000000000000000001
0000000000000000000000000000000000000001
0000000000000000000000000000000000000001
0000000000000000000000000000000000000001
0000000000000000000000000000000000000001
0000000000000000000000000000000000000001
0000000000000000000000000000000000000001
0000000000000000000000000000000000000001
0000000000000000000000000000000000000001
0000000000000000000000000000000000000001
0000000000000000000000000000000000000001
0000000000000000000000000000000000000001
0000000000000000000000000000000000000001
0000000000000000000000000000000000000001
0000000000000000000000000000000000000001
0000000000000000000000000000000000000001
0000000000000000000000000000000000000001
0000000000000000000000000000000000000001
0000000000000000000000000000000000000001
0000000000000000000000000000000000000001
0000000000000000000000000000000000000001
0000000000000000000000000000000000000001
0000000000000000000000000000000000000001
0000000000000000000000000000000000000001
0000000000000000000000000000000000000001
0000000000000000000000000000000000000001
0000000000000000000000000000000000000001
0000000000000000000000000000000000000001
0000000000000000000000000000000000000001
0000000000000000000000000000000000000001
0000000000000000000000000000000000000001
0000000000000000000000000000000000000001
0000000000000000000000000000000000000001
0000000000000000000000000000000000000001
0000000000000000000000000000000000000001
0000000000000000000000000000000000000001
0000000000000000000000000000000000000001
0000000000000000000000000000000000000001
0000000000000000000000000000000000000001
0000000000000000000000000000000000000001
0000000000000000000000000000000000000001
0000000000000000000000000000000000000001
0000000000000000000000000000000000000001
0000000000000000000000000000000000000001
0000000000000000000000000000000000000001
0000000000000000000000000000000000000001
0000000000000000000000000000000000000001
0000000000000000000000000000000000000001
0000000000000000000000000000000000000001
0000000000000000000000000000000000000001
0000000000000000000000000000000000000001
0000000000000000000000000000000000000001
0000000000000000000000000000000000000001
0000000000000000000000000000000000000001
0000000000000000000000000000000000000001
0000000000000000000000000000000000000001
0000000000000000000000000000000000000001
0000000000000000000000000000000000000001
0000000000000000000000000000000000000001
0000000000000000000000000000000000000001
0000000000000000000000000000000000000001
0000000000000000000000000000000000000001
0000000000000000000000000000000000000001
0000000000000000000000000000000000000001
0000000000000000000000000000000000000001
0000000000000000000000000000000000000001
0000000000000000000000000000000000000001
0000000000000000000000000000000000000001
0000000000000000000000000000000000000001
0000000000000000000000000000000000000001
0000000000000000000000000000000000000001
0000000000000000000000000000000000000001
0000000000000000000000000000000000000001
0000000000000000000000000000000000000001
0000000000000000000000000000000000000001
0000000000000000000000000000000000000001
0000000000000000000000000000000000000001
0000000000000000000000000000000000000001
0000000000000000000000000000000000000001
0000000000000000000000000000000000000001
0000000000000000000000000000000000000001
0000000000000000000000000000000000000001
0000000000000000000000000000000000000001
0000000000000000000000000000000000000001
0000000000000000000000000000000000000001
0000000000000000000000000000000000000001
0000000000000000000000000000000000000001
0000000000000000000000000000000000000001
0000000000000000000000000000000000000001
0000000000000000000000000000000000000001
0000000000000000000000000000000000000001
0000000000000000000000000000000000000001
0000000000000000000000000000000000000001
0000000000000000000000000000000000000001
0000000000000000000000000000000000000001
0000000000000000000000000000000000000001
0000000000000000000000000000000000000001
0000000000000000000000000000000000000001
0000000000000000000000000000000000000001
0000000000000000000000000000000000000001
0000000000000000000000000000000000000001
0000000000000000000000000000000000000001
0000000000000000000000000000000000000001
0000000000000000000000000000000000000001
0000000000000000000000000000000000000001
0000000000000000000000000000000000000001
0000000000000000000000000000000000000001
0000000000000000000000000000000000000001
0000000000000000000000000000000000000001
0000000000000000000000000000000000000001
0000000000000000000000000000000000000001
0000000000000000000000000000000000000001
0000000000000000000000000000000000000001
0000000000000000000000000000000000000001
0000000000000000000000000000000000000001
0000000000000000000000000000000000000001
0000000000000000000000000000000000000001
0000000000000000000000000000000000000001
0000000000000000000000000000000000000001
0000000000000000000000000000000000000001
0000000000000000000000000000000000000001
0000000000000000000000000000000000000001
0000000000000000000000000000000000000001
0000000000000000000000000000000000000001
0000000000000000000000000000000000000001
0000000000000000000000000000000000000001
0000000000000000000000000000000000000001
0000000000000000000000000000000000000001
0000000000000000000000000000000000000001
0000000000000000000000000000000000000001
0000000000000000000000000000000000000001
0000000000000000000000000000000000000001
0000000000000000000000000000000000000001
0000000000000000000000000000000000000001
0000000000000000000000000000000000000001
0000000000000000000000000000000000000001
0000000000000000000000000000000000000001
0000000000000000000000000000000000000001
0000000000000000000000000000000000000001
0000000000000000000000000000000000000001
0000000000000000000000000000000000000001
0000000000000000000000000000000000000001
0000000000000000000000000000000000000001
0000000000000000000000000000000000000001
0000000000000000000000000000000000000001
0000000000000000000000000000000000000001
0000000000000000000000000000000000000001
0000000000000000000000000000000000000001
0000000000000000000000000000000000000001
0000000000000000000000000000000000000001
0000000000000000000000000000000000000001
0000000000000000000000000000000000000001
0000000000000000000000000000000000000001
0000000000000000000000000000000000000001
0000000000000000000000000000000000000001
0000000000000000000000000000000000000001
0000000000000000000000000000000000000001
0000000000000000000000000000000000000001
0000000000000000000000000000000000000001
0000000000000000000000000000000000000001
0000000000000000000000000000000000000001
0000000000000000000000000000000000000001
0000000000000000000000000000000000000001
